                       outcome     n  countries   ols_b  ols_p    kz_b  kz_se   kz_p    kz_F    bh_b  bh_se   bh_p     bh_F
             CO2 (fuel burned) 64191        236  0.0483 0.0031  0.0084 0.0202 0.6783 25.4526  0.0263 0.0189 0.1644 146.2910
                       flights 64191        236  0.0557 0.0068  0.0162 0.0232 0.4849 25.4526  0.0385 0.0273 0.1609 146.2910
      gauge (seats per flight) 64191        236 -0.0104 0.1851  0.0021 0.0115 0.8571 25.4526 -0.0116 0.0099 0.2412 146.2910
    stage length (km per seat) 64191        236  0.0030 0.7280 -0.0022 0.0128 0.8605 25.4526  0.0049 0.0110 0.6546 146.2910
               CO2 per seat-km 64191        236  0.0002 0.9705 -0.0077 0.0081 0.3426 25.4526 -0.0054 0.0063 0.3874 146.2910
                         seats 64191        236  0.0452 0.0077  0.0183 0.0203 0.3687 25.4526  0.0268 0.0208 0.1980 146.2910
                       seat-km 64191        236  0.0482 0.0011  0.0161 0.0196 0.4145 25.4526  0.0318 0.0161 0.0496 146.2910
         airports with service 64191        236  0.0090 0.5601 -0.0073 0.0175 0.6771 25.4526  0.0064 0.0201 0.7514 146.2910
              domestic flights 41452        191  0.0421 0.0924  0.0279 0.0326 0.3934 27.1797  0.0205 0.0338 0.5449 143.1523
                domestic gauge 41304        191 -0.0001 0.9911 -0.0008 0.0152 0.9595 27.2634 -0.0033 0.0127 0.7968 143.9526
         domestic stage length 41300        191  0.0064 0.2441  0.0007 0.0071 0.9215 27.2617  0.0121 0.0063 0.0575 143.9009
airports with domestic service 41304        191  0.0033 0.7760 -0.0030 0.0152 0.8432 27.2634  0.0039 0.0152 0.7960 143.9526
check kz: sum of four margins 0.00839 vs CO2 0.00839
check bh: sum of four margins 0.02634 vs CO2 0.02634
