seats done
flights done
gauge (seats per flight) done
stage length done
CO2 per seat-km done
CO2 done
main-airport seat share (pp) done
airport HHI (x100) done
                     outcome  h shock       b     se      p     n  countries  price_resp  price_se  implied_elast
                       seats  0  s_kz -0.0003 0.0008 0.6628 63934        236      0.0635    0.0040        -0.0054
                       seats  0  s_bh  0.0010 0.0008 0.1934 63934        236      0.0559    0.0051         0.0186
                       seats  6  s_kz  0.0010 0.0018 0.5969 62469        236      0.0656    0.0166         0.0148
                       seats  6  s_bh  0.0036 0.0025 0.1466 62469        236      0.0895    0.0178         0.0402
                       seats 12  s_kz  0.0005 0.0022 0.8030 61031        236      0.0623    0.0249         0.0086
                       seats 12  s_bh  0.0016 0.0026 0.5483 61031        236      0.1056    0.0250         0.0149
                       seats 18  s_kz -0.0011 0.0029 0.7134 59617        236      0.0395    0.0267        -0.0266
                       seats 18  s_bh -0.0016 0.0036 0.6548 59617        236      0.0764    0.0295        -0.0213
                       seats 24  s_kz -0.0003 0.0031 0.9313 58220        236      0.0416    0.0213        -0.0064
                       seats 24  s_bh -0.0066 0.0035 0.0592 58220        236      0.0400    0.0271        -0.1660
                       seats 36  s_kz  0.0004 0.0030 0.8922 55419        236      0.0481    0.0195         0.0086
                       seats 36  s_bh -0.0083 0.0029 0.0050 55419        236      0.0228    0.0202        -0.3634
                       seats 48  s_kz  0.0021 0.0036 0.5670 52592        236      0.0374    0.0172         0.0557
                       seats 48  s_bh -0.0039 0.0037 0.2933 52592        236      0.0274    0.0257        -0.1436
                     flights  0  s_kz -0.0007 0.0009 0.4414 63946        236      0.0635    0.0040        -0.0105
                     flights  0  s_bh  0.0013 0.0009 0.1376 63946        236      0.0559    0.0051         0.0237
                     flights  6  s_kz  0.0011 0.0023 0.6252 62481        236      0.0656    0.0166         0.0171
                     flights  6  s_bh  0.0055 0.0034 0.1099 62481        236      0.0895    0.0178         0.0615
                     flights 12  s_kz  0.0000 0.0024 0.9852 61043        236      0.0623    0.0249         0.0007
                     flights 12  s_bh  0.0028 0.0035 0.4240 61043        236      0.1056    0.0250         0.0269
                     flights 18  s_kz -0.0014 0.0033 0.6661 59629        236      0.0395    0.0267        -0.0364
                     flights 18  s_bh -0.0014 0.0044 0.7574 59629        236      0.0764    0.0295        -0.0177
                     flights 24  s_kz -0.0018 0.0035 0.6004 58232        236      0.0416    0.0213        -0.0436
                     flights 24  s_bh -0.0078 0.0043 0.0749 58232        236      0.0400    0.0271        -0.1946
                     flights 36  s_kz -0.0013 0.0035 0.7042 55429        236      0.0481    0.0195        -0.0273
                     flights 36  s_bh -0.0093 0.0036 0.0096 55429        236      0.0228    0.0202        -0.4090
                     flights 48  s_kz  0.0009 0.0029 0.7702 52602        236      0.0374    0.0172         0.0229
                     flights 48  s_bh -0.0039 0.0041 0.3495 52602        236      0.0274    0.0257        -0.1416
    gauge (seats per flight)  0  s_kz  0.0005 0.0003 0.1382 63934        236      0.0635    0.0040         0.0073
    gauge (seats per flight)  0  s_bh -0.0001 0.0003 0.7010 63934        236      0.0559    0.0051        -0.0023
    gauge (seats per flight)  6  s_kz -0.0000 0.0009 0.9862 62469        236      0.0656    0.0166        -0.0002
    gauge (seats per flight)  6  s_bh -0.0018 0.0012 0.1315 62469        236      0.0895    0.0178        -0.0201
    gauge (seats per flight) 12  s_kz  0.0005 0.0006 0.3838 61031        236      0.0623    0.0249         0.0083
    gauge (seats per flight) 12  s_bh -0.0011 0.0013 0.3969 61031        236      0.1056    0.0250        -0.0108
    gauge (seats per flight) 18  s_kz  0.0006 0.0008 0.4369 59617        236      0.0395    0.0267         0.0149
    gauge (seats per flight) 18  s_bh -0.0001 0.0014 0.9387 59617        236      0.0764    0.0295        -0.0014
    gauge (seats per flight) 24  s_kz  0.0017 0.0008 0.0310 58220        236      0.0416    0.0213         0.0420
    gauge (seats per flight) 24  s_bh  0.0014 0.0016 0.3709 58220        236      0.0400    0.0271         0.0352
    gauge (seats per flight) 36  s_kz  0.0018 0.0011 0.1088 55419        236      0.0481    0.0195         0.0381
    gauge (seats per flight) 36  s_bh  0.0012 0.0020 0.5403 55419        236      0.0228    0.0202         0.0528
    gauge (seats per flight) 48  s_kz  0.0014 0.0014 0.3254 52592        236      0.0374    0.0172         0.0369
    gauge (seats per flight) 48  s_bh  0.0001 0.0014 0.9352 52592        236      0.0274    0.0257         0.0040
                stage length  0  s_kz  0.0003 0.0003 0.2510 63934        236      0.0635    0.0040         0.0053
                stage length  0  s_bh  0.0001 0.0003 0.6587 63934        236      0.0559    0.0051         0.0024
                stage length  6  s_kz -0.0002 0.0007 0.8203 62469        236      0.0656    0.0166        -0.0025
                stage length  6  s_bh  0.0003 0.0011 0.7965 62469        236      0.0895    0.0178         0.0031
                stage length 12  s_kz -0.0001 0.0010 0.9452 61031        236      0.0623    0.0249        -0.0011
                stage length 12  s_bh  0.0013 0.0014 0.3506 61031        236      0.1056    0.0250         0.0127
                stage length 18  s_kz  0.0004 0.0010 0.7176 59617        236      0.0395    0.0267         0.0094
                stage length 18  s_bh  0.0020 0.0017 0.2401 59617        236      0.0764    0.0295         0.0262
                stage length 24  s_kz -0.0000 0.0010 0.9801 58220        236      0.0416    0.0213        -0.0006
                stage length 24  s_bh  0.0012 0.0019 0.5140 58220        236      0.0400    0.0271         0.0311
                stage length 36  s_kz  0.0005 0.0011 0.6608 55419        236      0.0481    0.0195         0.0096
                stage length 36  s_bh  0.0019 0.0017 0.2674 55419        236      0.0228    0.0202         0.0828
                stage length 48  s_kz -0.0006 0.0014 0.6632 52592        236      0.0374    0.0172        -0.0158
                stage length 48  s_bh  0.0023 0.0022 0.2794 52592        236      0.0274    0.0257         0.0853
             CO2 per seat-km  0  s_kz -0.0001 0.0003 0.5711 63934        236      0.0635    0.0040        -0.0023
             CO2 per seat-km  0  s_bh -0.0000 0.0002 0.8123 63934        236      0.0559    0.0051        -0.0009
             CO2 per seat-km  6  s_kz -0.0005 0.0005 0.3086 62469        236      0.0656    0.0166        -0.0083
             CO2 per seat-km  6  s_bh -0.0001 0.0006 0.9126 62469        236      0.0895    0.0178        -0.0007
             CO2 per seat-km 12  s_kz -0.0004 0.0006 0.5070 61031        236      0.0623    0.0249        -0.0066
             CO2 per seat-km 12  s_bh -0.0007 0.0009 0.3992 61031        236      0.1056    0.0250        -0.0070
             CO2 per seat-km 18  s_kz -0.0009 0.0006 0.1520 59617        236      0.0395    0.0267        -0.0216
             CO2 per seat-km 18  s_bh -0.0014 0.0011 0.1855 59617        236      0.0764    0.0295        -0.0186
             CO2 per seat-km 24  s_kz -0.0010 0.0006 0.1365 58220        236      0.0416    0.0213        -0.0233
             CO2 per seat-km 24  s_bh -0.0014 0.0012 0.2133 58220        236      0.0400    0.0271        -0.0362
             CO2 per seat-km 36  s_kz -0.0009 0.0007 0.1676 55419        236      0.0481    0.0195        -0.0197
             CO2 per seat-km 36  s_bh -0.0024 0.0011 0.0353 55419        236      0.0228    0.0202        -0.1066
             CO2 per seat-km 48  s_kz  0.0000 0.0008 0.9725 52592        236      0.0374    0.0172         0.0007
             CO2 per seat-km 48  s_bh -0.0030 0.0015 0.0508 52592        236      0.0274    0.0257        -0.1081
                         CO2  0  s_kz -0.0000 0.0008 0.9510 63946        236      0.0635    0.0040        -0.0008
                         CO2  0  s_bh  0.0013 0.0008 0.1147 63946        236      0.0559    0.0051         0.0226
                         CO2  6  s_kz  0.0004 0.0017 0.8327 62481        236      0.0656    0.0166         0.0055
                         CO2  6  s_bh  0.0039 0.0023 0.0835 62481        236      0.0895    0.0178         0.0439
                         CO2 12  s_kz  0.0001 0.0020 0.9705 61043        236      0.0623    0.0249         0.0012
                         CO2 12  s_bh  0.0024 0.0028 0.4006 61043        236      0.1056    0.0250         0.0224
                         CO2 18  s_kz -0.0014 0.0026 0.5801 59629        236      0.0395    0.0267        -0.0360
                         CO2 18  s_bh -0.0008 0.0031 0.7880 59629        236      0.0764    0.0295        -0.0111
                         CO2 24  s_kz -0.0011 0.0030 0.7189 58232        236      0.0416    0.0213        -0.0257
                         CO2 24  s_bh -0.0065 0.0031 0.0386 58232        236      0.0400    0.0271        -0.1636
                         CO2 36  s_kz  0.0001 0.0032 0.9852 55429        236      0.0481    0.0195         0.0012
                         CO2 36  s_bh -0.0086 0.0031 0.0060 55429        236      0.0228    0.0202        -0.3781
                         CO2 48  s_kz  0.0017 0.0037 0.6414 52602        236      0.0374    0.0172         0.0466
                         CO2 48  s_bh -0.0043 0.0044 0.3212 52602        236      0.0274    0.0257        -0.1585
main-airport seat share (pp)  0  s_kz  0.0036 0.0106 0.7323 43638        192      0.0635    0.0040         0.0574
main-airport seat share (pp)  0  s_bh -0.0032 0.0102 0.7579 43638        192      0.0559    0.0051        -0.0566
main-airport seat share (pp)  6  s_kz -0.0211 0.0275 0.4428 42146        190      0.0656    0.0166        -0.3223
main-airport seat share (pp)  6  s_bh -0.0599 0.0358 0.0960 42146        190      0.0895    0.0178        -0.6698
main-airport seat share (pp) 12  s_kz -0.0082 0.0248 0.7410 40900        188      0.0623    0.0249        -0.1317
main-airport seat share (pp) 12  s_bh -0.0168 0.0375 0.6552 40900        188      0.1056    0.0250        -0.1586
main-airport seat share (pp) 18  s_kz  0.0071 0.0253 0.7788 39719        187      0.0395    0.0267         0.1799
main-airport seat share (pp) 18  s_bh -0.0343 0.0534 0.5219 39719        187      0.0764    0.0295        -0.4489
main-airport seat share (pp) 24  s_kz  0.0084 0.0284 0.7667 38647        186      0.0416    0.0213         0.2026
main-airport seat share (pp) 24  s_bh -0.0307 0.0506 0.5447 38647        186      0.0400    0.0271        -0.7672
main-airport seat share (pp) 36  s_kz -0.0004 0.0491 0.9936 36518        181      0.0481    0.0195        -0.0082
main-airport seat share (pp) 36  s_bh -0.0105 0.0699 0.8809 36518        181      0.0228    0.0202        -0.4607
main-airport seat share (pp) 48  s_kz  0.0295 0.0427 0.4906 34539        181      0.0374    0.0172         0.7886
main-airport seat share (pp) 48  s_bh  0.0569 0.0856 0.5073 34539        181      0.0274    0.0257         2.0743
          airport HHI (x100)  0  s_kz -0.0001 0.0123 0.9953 43638        192      0.0635    0.0040        -0.0011
          airport HHI (x100)  0  s_bh -0.0163 0.0112 0.1457 43638        192      0.0559    0.0051        -0.2921
          airport HHI (x100)  6  s_kz -0.0380 0.0257 0.1407 42146        190      0.0656    0.0166        -0.5798
          airport HHI (x100)  6  s_bh -0.0771 0.0336 0.0229 42146        190      0.0895    0.0178        -0.8610
          airport HHI (x100) 12  s_kz -0.0399 0.0267 0.1357 40900        188      0.0623    0.0249        -0.6410
          airport HHI (x100) 12  s_bh -0.0492 0.0364 0.1784 40900        188      0.1056    0.0250        -0.4653
          airport HHI (x100) 18  s_kz -0.0113 0.0282 0.6882 39719        187      0.0395    0.0267        -0.2865
          airport HHI (x100) 18  s_bh -0.0462 0.0529 0.3836 39719        187      0.0764    0.0295        -0.6047
          airport HHI (x100) 24  s_kz -0.0091 0.0344 0.7904 38647        186      0.0416    0.0213        -0.2200
          airport HHI (x100) 24  s_bh -0.0449 0.0499 0.3697 38647        186      0.0400    0.0271        -1.1219
          airport HHI (x100) 36  s_kz -0.0110 0.0420 0.7946 36518        181      0.0481    0.0195        -0.2277
          airport HHI (x100) 36  s_bh -0.0338 0.0492 0.4929 36518        181      0.0228    0.0202        -1.4842
          airport HHI (x100) 48  s_kz -0.0335 0.0415 0.4202 34539        181      0.0374    0.0172        -0.8965
          airport HHI (x100) 48  s_bh -0.0343 0.0440 0.4361 34539        181      0.0274    0.0257        -1.2508
