h 0 done
h 1 done
h 2 done
h 3 done
h 4 done
h 5 done
h 6 done
h 7 done
h 8 done
h 9 done
h 10 done
h 11 done
h 12 done
h 13 done
h 14 done
h 15 done
h 16 done
h 17 done
h 18 done
h 19 done
h 20 done
h 21 done
h 22 done
h 23 done
h 24 done
 h  outcome shock       b     se      p  se_cl      n  g_price  se_price  implied_elast
 0 ln_seats  s_kz  0.0002 0.0003 0.4485 0.0002 776684   0.0635    0.0040         0.0037
 0 ln_seats  s_bh -0.0000 0.0004 0.9987 0.0002 776684   0.0559    0.0051        -0.0000
 1 ln_seats  s_kz  0.0002 0.0004 0.5394 0.0003 770583   0.0727    0.0090         0.0032
 1 ln_seats  s_bh  0.0004 0.0005 0.4304 0.0004 770583   0.0740    0.0098         0.0050
 2 ln_seats  s_kz  0.0003 0.0004 0.4221 0.0003 765435   0.0799    0.0117         0.0036
 2 ln_seats  s_bh  0.0002 0.0005 0.6470 0.0004 765435   0.0849    0.0134         0.0025
 3 ln_seats  s_kz  0.0001 0.0004 0.8172 0.0003 760646   0.0734    0.0119         0.0014
 3 ln_seats  s_bh  0.0006 0.0006 0.3102 0.0003 760646   0.0852    0.0152         0.0067
 4 ln_seats  s_kz -0.0005 0.0005 0.2398 0.0004 756146   0.0718    0.0149        -0.0075
 4 ln_seats  s_bh  0.0001 0.0006 0.8702 0.0004 756146   0.0828    0.0188         0.0011
 5 ln_seats  s_kz -0.0011 0.0004 0.0109 0.0003 751876   0.0696    0.0166        -0.0164
 5 ln_seats  s_bh -0.0005 0.0005 0.2717 0.0004 751876   0.0898    0.0189        -0.0059
 6 ln_seats  s_kz -0.0007 0.0006 0.2304 0.0003 747789   0.0656    0.0166        -0.0111
 6 ln_seats  s_bh -0.0002 0.0005 0.6688 0.0004 747789   0.0895    0.0178        -0.0025
 7 ln_seats  s_kz -0.0008 0.0005 0.1549 0.0005 743921   0.0626    0.0191        -0.0124
 7 ln_seats  s_bh -0.0000 0.0006 0.9382 0.0005 743921   0.0951    0.0176        -0.0005
 8 ln_seats  s_kz -0.0005 0.0006 0.4392 0.0006 740227   0.0526    0.0204        -0.0090
 8 ln_seats  s_bh -0.0000 0.0006 0.9908 0.0005 740227   0.0972    0.0176        -0.0001
 9 ln_seats  s_kz -0.0008 0.0006 0.1644 0.0005 736650   0.0454    0.0230        -0.0169
 9 ln_seats  s_bh -0.0002 0.0006 0.7330 0.0005 736650   0.0923    0.0210        -0.0021
10 ln_seats  s_kz -0.0006 0.0005 0.1952 0.0005 733166   0.0494    0.0232        -0.0120
10 ln_seats  s_bh  0.0000 0.0007 0.9467 0.0005 733166   0.0924    0.0223         0.0005
11 ln_seats  s_kz -0.0007 0.0005 0.1364 0.0003 729799   0.0564    0.0241        -0.0126
11 ln_seats  s_bh  0.0002 0.0008 0.8296 0.0005 729799   0.1035    0.0224         0.0016
12 ln_seats  s_kz -0.0007 0.0005 0.2106 0.0004 726183   0.0623    0.0249        -0.0107
12 ln_seats  s_bh  0.0001 0.0009 0.9013 0.0006 726183   0.1056    0.0250         0.0010
13 ln_seats  s_kz -0.0007 0.0005 0.1976 0.0004 722255   0.0511    0.0268        -0.0137
13 ln_seats  s_bh -0.0001 0.0009 0.9051 0.0007 722255   0.0999    0.0264        -0.0011
14 ln_seats  s_kz -0.0012 0.0006 0.0409 0.0005 718468   0.0488    0.0274        -0.0256
14 ln_seats  s_bh -0.0001 0.0008 0.9239 0.0007 718468   0.0930    0.0279        -0.0008
15 ln_seats  s_kz -0.0012 0.0006 0.0553 0.0005 714744   0.0442    0.0267        -0.0264
15 ln_seats  s_bh -0.0002 0.0009 0.7943 0.0006 714744   0.0832    0.0295        -0.0029
16 ln_seats  s_kz -0.0014 0.0007 0.0409 0.0004 711136   0.0451    0.0261        -0.0316
16 ln_seats  s_bh -0.0005 0.0010 0.5894 0.0007 711136   0.0848    0.0304        -0.0065
17 ln_seats  s_kz -0.0017 0.0007 0.0144 0.0004 707605   0.0433    0.0260        -0.0395
17 ln_seats  s_bh -0.0009 0.0009 0.3408 0.0007 707605   0.0900    0.0281        -0.0097
18 ln_seats  s_kz -0.0018 0.0008 0.0293 0.0004 704166   0.0395    0.0267        -0.0462
18 ln_seats  s_bh -0.0006 0.0010 0.5318 0.0007 704166   0.0764    0.0295        -0.0081
19 ln_seats  s_kz -0.0014 0.0009 0.1057 0.0005 700891   0.0464    0.0242        -0.0308
19 ln_seats  s_bh -0.0003 0.0012 0.7893 0.0008 700891   0.0762    0.0282        -0.0042
20 ln_seats  s_kz -0.0014 0.0009 0.1191 0.0006 697637   0.0496    0.0264        -0.0291
20 ln_seats  s_bh -0.0004 0.0010 0.7159 0.0007 697637   0.0754    0.0268        -0.0049
21 ln_seats  s_kz -0.0014 0.0009 0.1263 0.0007 694458   0.0532    0.0236        -0.0262
21 ln_seats  s_bh -0.0003 0.0011 0.7735 0.0008 694458   0.0718    0.0257        -0.0044
22 ln_seats  s_kz -0.0013 0.0008 0.0990 0.0005 691313   0.0550    0.0245        -0.0243
22 ln_seats  s_bh -0.0003 0.0011 0.8061 0.0008 691313   0.0665    0.0256        -0.0041
23 ln_seats  s_kz -0.0010 0.0008 0.1938 0.0004 688220   0.0481    0.0220        -0.0212
23 ln_seats  s_bh -0.0003 0.0009 0.7021 0.0007 688220   0.0532    0.0260        -0.0065
24 ln_seats  s_kz -0.0013 0.0008 0.0861 0.0004 684907   0.0416    0.0213        -0.0320
24 ln_seats  s_bh -0.0009 0.0009 0.3177 0.0007 684907   0.0400    0.0271        -0.0235
